3
1
34
1
7
11
1
65
1
1
28
1
30
17
2
10
137
8
8
18
2
11
5
2
2
1
1
8
3
2
25
11
5
1
2
1
2
6
2
5
109
6
2
9
12
4
1
1
2
20
4
58
4
2
5
17
6
77
2
25
1
1
2
3
13
2
14
36
5
43
1
63
4
90
42
49
1
16
6
14
72
1
97
3
23
2
2
1
3
15
53
3
2
9
2
7
31
17
1
1
3
32
8
4
1
10
9
21
9
1
2
71
1
4
1
4
3
3
6
6
2
13
52
57
4
4
2
12
8
7
24
3
1
28
22
7
6
19
2
1
86
10
1
2
1
2
1
2
1
15
11
96
30
1
2
14
1
1
12
6
153
2
35
3
1
92
1
2
19
2
30
1
2
4
5
4
45
2
4
1
1
3
137
238
6
4
5
47
3
189
1
22
1
16
12
38
73
9
1
2
47
26
63
8
2
1
5
6
1
132
18
30
2
3
4
48
1
15
3
12
7
1
22
57
18
16
7
76
17
1
5
6
111
3
2
4
1
7
3
9
13
26
5
3
1
1
1
6
1
1
6
16
8
3
9
8
4
1
21
4
3
16
3
2
5
3
23
49
98
3
22
25
3
4
9
1
205
66
4
7
5
21
4
8
4
110
10
5
4
13
4
66
2
1
73
1
20
5
1
1
116
10
2
30
118
6
3
22
211
5
1
3
5
9
3
2
1
44
41
11
7
1
3
7
4
5
2
96
1
1
2
14
14
1
3
1
9
1
5
1
4
1
1
8
4
1
7
1
12
30
8
2
2
1
3
101
31
42
27
21
1
1
6
5
5
2
6
3
1
3
7
4
55
28
2
5
20
19
1
10
64
1
1
16
3
2
60
5
6
33
64
1
2
25
2
9
4
1
8
2
25
1
3
24
7
80
3
6
8
5
1
2
2
6
10
1
4
1
1
23
2
1
23
33
3
3
6
1
112
2
2
16
19
29
13
2
2
2
2
1
1
2
12
32
1
174
3
1
2
23
1
12
196
2
1
11
13
20
2
4
1
6
2
1
4
31
6
118
3
2
7
3
6
3
10
1
1
11
1
1
37
4
13
135
11
13
12
21
9
7
1
1
50
17
7
1
61
114
1
13
30
3
1
2
1
2
1
15
7
29
4
195
3
1
37
1
26
1
142
5
1
2
26
4
1
16
6
18
1
2
17
5
1
3
1
7
8
5
22
38
1
3
2
2
6
1
2
16
4
3
11
1
1
8
12
17
9
9
1
1
3
21
43
4
32
13
45
5
8
5
2
8
2
7
2
33
23
7
48
9
13
3
18
2
8
12
1
3
14
5
34
2
11
1
14
1
1
2
2
7
3
8
4
3
3
7
1
1
3
1
2
26
187
13
38
1
11
15
4
8
3
7
92
3
1
4
2
4
30
3
6
173
66
2
12
1
1
35
5
1
9
1
5
2
48
100
25
3
1
17
1
17
5
5
277
437
39
19
1
107
13
3
2
4
3
5
2
299
1
4
10
12
17
79
8
13
5
1
5
11
20
7
20
13
139
4
3
2
4
28
1
8
1
2
5
2
114
4
5
75
113
33
2
7
4
2
24
28
9
4
7
4
10
1
4
1
15
18
2
12
1
1
9
32
2
6
1
2
1
17
1
1
15
5
1
5
2
1
75
65
3
254
2
64
2
1
15
2
1
5
6
2
26
42
29
1
1
2
96
9
1
23
1
74
14
69
1
79
77
8
1
27
2
1
1
1
31
16
25
1
21
2
4
25
8
189
3
22
99
12
1
41
3
1
57
11
13
1
10
21
17
1
2
11
1
20
1
81
10
10
26
24
18
11
1
6
4
3
12
46
10
11
3
4
11
7
8
34
2
2
21
34
40
11
1
2
3
4
4
10
73
1
23
15
100
5
1
2
1
7
114
5
233
16
1
4
4
12
4
3
24
11
56
43
1
7
28
17
11
4
4
432
27
1
6
3
18
1
11
91
1
4
1
19
3
14
28
26
23
4
10
2
1
4
15
5
44
20
92
8
9
5
101
7
14
5
24
11
3
3
104
2
1
32
8
3
1
77
4
4
6
9
37
1
1
14
15
3
29
1
52
1
223
6
1
67
51
9
91
4
4
2
1
1
13
29
2
8
67
2
47
3
3
1
4
1
1
1
10
10
17
74
3
4
3
3
3
1
55
4
8
2
8
442
1
171
2
68
18
18
15
1
6
11
23
28
8
2
81
26
7
98
1
2
1
2
75
1
1
50
75
19
3
1
9
2
1
1
3
2
4
30
18
11
119
4
1
21
10
1
26
22
18
36
2
15
15
73
8
2
5
2
2
1
16
26
40
3
23
3
5
29
21
1
49
1
7
169
1
1
6
96
15
32
187
52
12
3
1
3
13
8
4
22
4
19
2
199
19
4
1
7
11
14
430
8
3
4
2
1
2
5
16
8
11
2
9
4
7
7
125
4
1
1
38
26
2
4
23
15
130
7
3
1
14
279
2
118
1
3
7
2
6
2
7
3
9
26
3
3
37
1
6
38
14
1
2
105
8
6
7
4
3
4
38
33
3
1
65
2
30
30
1
2
8
1
171
126
41
1
1
1
11
1
3
196
1
4
34
2
1
9
1
2
148
2
13
6
5
20
7
3
11
7
1
19
2
2
36
9
43
6
3
32
66
6
5
4
6
10
108
7
30
13
12
12
12
13
3
8
15
8
18
1
11
1
14
5
84
2
1
50
2
10
3
50
183
1
100
1
5
3
1
4
2
16
2
1
6
23
22
14
79
21
205
2
1
9
4
6
3
7
6
8
279
22
2
5
2
23
2
31
1
2
2
1
7
6
3
1
1
1
11
3
3
11
13
1
175
3
23
35
13
4
51
6
109
1
3
10
9
56
5
2
8
2
29
3
1
4
47
20
18
3
4
2
19
31
6
2
2
18
9
7
1
33
2
16
2
1
31
3
56
7
13
1
2
29
1
5
4
14
1
10
9
6
23
12
18
2
6
63
3
5
5
3
6
22
37
68
44
37
42
1
5
1
1
7
2
13
1
19
6
4
178
1
1
14
1
8
2
2
17
5
3
63
2
6
11
3
10
35
2
43
6
1
58
12
3
5
6
27
52
2
34
1
1
4
1
7
7
2
2
5
5
2
3
2
3
5
59
3
20
132
85
4
3
1
3
49
39
6
1
4
1
2
27
8
1
24
168
1
10
1
4
2
2
61
1
11
1
1
8
4
3
10
1
8
1
1
5
138
19
4
1
1
6
45
17
6
2
1
8
5
3
2
46
8
63
3
19
2
3
8
1
1
8
4
1
24
8
23
24
350
17
21
30
8
14
1
59
48
5
9
16
1
2
1
4
5
3
2
1
10
1
5
1
93
1
41
33
21
25
1
11
1
11
7
1
7
6
18
22
18
5
3
119
2
6
102
3
4
5
1
29
1
1
3
31
54
1
1
5
715
31
2
2
3
3
1
14
6
23
3
2
1
4
14
41
23
1
4
3
17
97
13
1
2
47
10
3
450
1
55
1
2
3
22
45
73
1
4
9
187
9
14
8
9
32
1
1
1
3
45
2
4
1
3
10
1
33
28
3
2
3
8
1
10
11
1
19
15
21
97
38
40
12
12
3
85
1
8
4
4
171
2
45
2
27
137
1
33
9
7
194
1
11
5
17
461
1
5
3
53
2
1
34
8
54
3
11
3
2
5
27
2
12
16
20
56
11
54
1
2
25
122
17
2
49
235
32
193
19
5
13
47
8
8
4
2
1
2
11
1
18
3
5
4
19
26
2
48
64
5
10
5
1
4
6
9
9
6
1
221
19
26
358
1
3
4
5
20
10
2
4
5
25
31
7
3
2
3
3
55
4
7
1
5
3
7
8
57
2
3
8
4
1
13
15
6
2
4
4
8
1
88
2
23
36
6
3
4
10
1
4
2
4
4
2
186
29
1
66
3
1
3
1
1
2
9
4
1
39
5
1
3
2
3
21
1
4
3
1
1
1
28
1
13
4
1
3
41
7
2
1
96
10
1
2
1
1
3
1
40
4
5
13
1
51
3
1
6
1
2
13
1
14
7
11
3
12
5
3
1
2
2
1
1
32
7
10
59
1
13
2
2
3
2
68
13
1
3
12
1
10
3
24
1
4
26
4
41
15
51
1
55
1
3
5
5
1
43
6
24
6
59
10
8
55
3
7
20
5
9
1
5
1
1
1
1
21
1
13
5
3
46
4
1
5
1
21
1
6
1
10
3
2
2
4
12
4
7
73
3
2
1
1
4
18
3
1
2
26
36
139
2
15
45
2
5
310
6
15
1
29
4
2
1
4
18
1
46
6
11
144
22
12
147
3
4
5
15
4
10
69
164
4
11
110
12
605
5
1
1
5
2
1
64
1
12
6
21
4
6
12
5
9
7
1
4
27
31
1
1
6
2
4
8
21
17
1
1
5
58
1
6
3
89
4
4
29
238
82
9
14
65
1
67
1
6
35
1
4
9
15
6
9
2
14
4
81
4
2
4
2
2
3
3
12
4
6
8
1
6
10
1
6
1
8
4
1
1
6
1
15
10
20
1
1
28
1
1
89
1
1
37
123
2
3
84
1
10
3
2
1
3
2
12
121
5
34
6
4
149
2
73
1
220
6
4
12
18
3
27
33
87
11
10
44
112
9
1
12
24
5
20
8
30
1
6
2
1
2
2
1
2
12
5
6
3
98
2
166
3
5
2
76
41
1
4
3
1
1
1
8
1
93
29
156
3
22
2
5
2
36
5
1
6
1
31
104
10
28
7
3
1
3
7
16
51
3
6
361
3
23
2
2
18
111
9
2
9
25
4
2
837
30
15
3
190
1
1
3
5
8
1
1
2
4
1
15
1
115
39
11
8
1
51
4
3
10
23
4
6
9
3
9
1
3
24
1
42
2
5
5
3
8
10
5
8
22
21
7
9
18
4
58
16
4
7
1
121
3
10
75
12
3
4
7
1
1
128
3
20
13
66
1
1
40
38
3
5
15
1
1
77
29
1
1
11
122
8
11
5
185
7
9
8
10
7
22
3
12
26
15
2
7
2
3
5
