13
92
17
4
1
1
1
1
1
31
1
18
16
2
18
10
5
1
8
14
2
8
7
73
18
2
68
41
1
31
5
5
5
3
4
5
8
5
1
1
103
1
21
7
3
17
2
25
132
3
11
2
10
2
6
14
70
1
109
2
14
74
1
1
5
24
1
7
7
8
1
32
20
8
9
10
1
1
2
38
3
1
3
10
16
1
36
5
1
1
3
3
1
16
37
34
44
9
12
381
64
5
82
54
24
2
93
2
4
2
1
1
5
6
4
5
13
4
65
101
10
9
29
14
3
1
16
135
4
2
10
1
7
53
8
9
6
1
10
9
1
9
3
37
11
1
3
28
1
12
8
99
1
2
2
2
1
1
7
137
1
1
1
4
5
2
4
1
21
1
6
6
1
11
44
2
9
11
13
9
10
18
1
71
12
5
56
1
3
20
30
5
1
16
2
7
3
23
6
17
6
11
13
14
10
1
38
2
8
2
157
1
45
10
101
1
1
1
4
1
4
2
5
1
9
1
1
10
105
3
17
145
5
1
5
1
3
19
23
1
6
5
4
1
1
3
3
172
1
1
4
141
2
28
45
3
2
66
3
8
1
25
1
2
58
1
33
289
34
22
1
17
127
8
24
7
7
8
7
1
101
398
3
5
4
1
3
26
111
1
3
6
40
1
6
42
1
1
9
8
2
1
4
1
89
9
14
75
5
2
1
76
53
16
11
2
4
72
10
78
2
9
15
1
1
1
1
5
12
6
1
1
1
178
21
10
19
21
3
62
1
1
16
4
4
15
1
28
8
5
1
11
6
12
7
8
33
6
61
11
9
3
9
18
2
1
1
3
136
1
18
1
1
1
3
1
2
10
1
6
4
2
1
6
1
4
3
17
64
10
11
69
2
100
16
6
33
3
72
8
2
21
7
12
15
3
1
8
23
142
247
1
3
5
17
20
15
17
2
122
6
7
4
8
3
4
32
10
4
1
1
8
11
1
6
54
35
7
16
5
8
9
8
3
22
8
1
17
20
20
4
4
3
2
3
21
11
13
109
13
6
22
2
19
1
6
4
7
12
36
3
9
2
37
87
78
1
44
15
4
7
4
1
3
18
3
3
17
4
1
1
27
8
2
1
44
5
1
30
2
8
4
8
23
7
2
1
2
2
1
2
13
68
2
1
1
40
9
75
8
3
13
8
13
79
5
1
1
2
6
1
116
17
24
6
1
6
1
1
13
7
39
25
132
1
16
3
1
1
11
8
40
42
2
4
1
1
83
11
2
2
1
3
3
16
22
10
2
6
5
4
2
116
2
1
2
6
3
4
43
1
2
5
8
1
77
6
4
3
4
1
73
17
1
13
7
6
1
5
141
31
7
267
1
6
3
3
75
13
2
1
15
31
10
1
1
6
3
4
1
1
1
22
3
78
4
1
11
55
11
50
1
3
1
1
1
5
4
1
23
22
1
1
1
8
32
10
7
4
9
1
2
141
1
2
2
13
2
4
3
14
7
11
1
1
1
2
13
3
2
77
2
171
3
1
6
9
1
1
1
210
1
1
2
3
11
1
13
38
3
1
1
4
3
24
25
1
4
1
4
17
15
1
1
13
114
52
6
1
16
7
20
2
5
4
31
1
15
3
1
39
17
1
2
7
3
9
4
2
16
21
14
1
98
2
6
1
12
3
1
13
13
5
11
1
12
2
2
3
11
1
14
19
50
3
41
3
6
3
4
1
12
4
12
16
39
4
29
6
5
11
144
7
7
1
1
1
2
51
3
13
7
37
3
24
24
43
8
5
170
16
7
3
2
4
37
60
3
45
21
4
1
1
20
3
21
2
12
1
33
3
1
6
6
68
1
14
30
2
4
2
8
102
1
1
7
63
2
24
30
45
6
13
1
1
2
19
26
2
2
3
1
14
2
64
25
108
123
6
38
9
1
2
12
111
1
31
1
20
1
4
30
2
3
3
1
7
164
21
1
18
67
2
13
15
4
4
1
42
3
14
166
2
6
9
3
4
20
2
155
37
4
3
13
7
1
69
3
2
9
2
1
16
23
2
2
2
322
5
1
3
20
4
51
215
23
8
1
1
13
4
86
1
1
5
3
26
1
2
2
1
63
11
42
35
10
97
6
116
57
89
1
9
1
6
1
2
1
47
48
13
25
1
1
24
3
8
2
29
258
2
4
1
6
1
7
3
13
111
3
4
9
215
18
4
5
4
3
2
1
41
46
2
22
1
1
2
24
24
49
2
2
9
1
1
4
1
6
1
3
44
2
7
1
1
13
1
4
1
3
19
16
1
2
94
1
3
3
8
1
11
3
1
24
26
1
5
1
1
11
12
6
1
2
7
33
2
22
162
4
6
16
2
1
13
8
205
2
9
3
1
76
2
8
1
1
4
93
6
8
4
7
2
2
1
1
6
59
3
6
4
68
7
6
1
10
2
37
1
4
11
4
10
3
1
29
8
6
70
1
1
18
6
114
4
28
28
2
2
22
12
1
214
2
18
19
25
19
22
2
2
3
5
2
5
78
3
291
12
2
7
3
1
1
2
22
5
1
43
44
21
2
3
65
32
1
1
32
10
2
13
3
3
3
3
34
3
13
23
4
61
2
52
34
51
9
5
4
16
14
6
8
1
83
59
4
37
8
2
5
8
3
29
1
6
8
19
1
2
10
10
29
4
3
14
49
47
44
74
5
22
10
7
342
2
3
4
24
2
4
8
1
1
1
4
22
31
5
278
20
2
2
5
67
1
1
3
14
27
32
8
156
2
15
8
69
2
2
3
7
2
7
29
37
32
60
5
3
1
13
3
4
2
52
10
9
140
5
2
2
204
3
14
136
2
15
183
11
28
14
9
3
45
2
5
60
1
118
230
1
7
16
3
4
2
23
14
1
13
4
1
7
9
28
9
4
23
77
18
5
17
45
25
4
4
21
146
14
1
19
8
1
5
2
52
27
12
2
2
597
18
41
5
2
8
8
17
1
4
1
42
399
2
4
21
7
12
6
3
12
8
2
4
10
4
4
9
1
5
12
7
13
7
4
37
5
3
22
6
116
12
13
8
4
1
2
1
34
2
1
11
6
1
1
24
24
2
1
3
1
203
1
1
1
6
17
35
32
144
2
1
10
2
6
6
18
8
3
1
1
23
2
2
12
107
1
10
1
1
48
2
4
2
5
11
3
1
2
1
21
8
29
1
4
5
1
37
6
8
2
24
3
36
7
3
1
1
9
1
1
29
34
5
1
16
6
7
115
54
14
3
3
3
3
19
9
2
21
7
3
1
3
1
25
1
39
11
2
4
1
1
2
3
7
4
11
1
2
35
10
29
1
39
12
76
33
74
6
14
3
1
1
1
7
21
5
5
8
2
1
1
3
13
14
1
1
29
20
70
38
1
4
2
1
3
1
33
161
20
5
1
5
7
8
30
4
1
39
1
34
12
4
1
2
28
394
4
57
18
22
29
1
42
11
23
70
94
1
7
1
6
3
12
43
3
11
1
20
4
18
1
1
73
31
1
1
13
2
162
2
97
9
1
14
3
21
1
40
1
1
1
49
1
11
1
7
1
2
274
19
15
6
3
14
5
9
27
2
34
38
48
21
1
7
19
13
3
28
12
1
4
10
1
1
2
13
35
2
3
15
95
12
4
9
1
9
2
1
2
2
1
7
8
4
10
35
24
1
17
174
5
5
10
1
1
1
2
30
2
22
1
2
4
4
2
22
7
1
6
1
13
8
11
5
24
4
5
7
1
5
11
1
1
16
28
35
1
1
2
5
35
8
2
20
19
278
141
10
21
64
15
2
14
1
9
54
2
7
649
2
1
1
1
2
27
3
67
10
3
5
18
5
30
1
4
162
3
1
43
36
103
14
1
1
1
1
2
38
33
101
2
7
4
16
13
8
7
1
2
2
6
2
3
223
1
11
8
4
1
108
4
9
12
2
2
11
7
10
65
6
1
9
19
8
88
3
1
39
88
1
3
1
1
1
5
1
3
1
2
11
2
7
5
3
44
38
1
11
39
10
43
1
40
9
1
52
10
76
1
16
6
125
1
1
45
2
2
7
1
14
21
3
19
20
32
7
15
11
2
14
1
6
1
12
19
5
8
1
4
118
3
36
131
3
2
1
126
2
23
115
1
60
5
48
3
1
1
31
1
12
16
6
19
7
29
41
21
1
2
104
67
3
25
2
7
2
3
24
12
43
1
2
2
2
26
24
3
1
9
1
1
9
1
3
5
11
6
13
1
1
60
3
3
4
28
11
29
50
13
3
1
3
24
14
8
7
8
30
5
22
4
20
7
19
3
2
6
53
69
102
3
19
77
32
1
32
4
106
52
1
15
6
4
1
2
11
2
238
1
89
2
6
533
49
2
24
20
1
20
1
107
2
17
105
17
11
22
65
27
1
2
4
3
1
396
101
4
7
25
7
2
6
81
1
4
3
9
17
7
16
3
2
19
21
7
3
10
3
7
82
9
5
4
1
4
3
8
17
2
4
1
34
83
269
149
1
11
2
1
5
