3
3
1
2
3
1
4
14
2
8
2
2
13
1
7
4
1
5
1
1
4
3
1
1
1
6
5
9
2
10
27
14
1
2
15
4
3
7
23
1
1
5
9
2
41
5
2
14
1
22
1
7
15
3
3
3
4
7
4
13
12
1
1
37
1
2
16
4
3
6
12
20
8
14
4
1
6
5
51
2
2
2
14
4
1
6
29
4
4
3
1
1
6
22
14
1
6
2
6
7
8
2
20
25
7
9
2
3
3
10
2
5
20
3
6
2
6
12
2
3
21
6
1
6
12
2
1
1
9
11
2
7
1
6
3
14
1
1
3
2
6
5
19
4
16
2
2
3
1
16
5
3
2
3
8
9
3
13
5
2
3
3
3
6
4
16
7
1
20
7
14
5
1
6
32
9
6
6
4
2
4
13
2
4
22
3
1
36
12
31
5
3
19
19
1
3
1
21
15
2
3
20
7
11
1
1
19
1
20
3
6
1
1
1
1
3
22
5
10
2
24
3
7
1
1
15
1
12
16
20
1
5
1
1
78
2
6
14
3
4
1
2
4
4
14
2
2
6
2
4
5
17
17
1
5
2
1
3
11
1
11
57
2
3
1
1
8
7
8
8
8
2
6
4
8
3
4
2
12
17
17
5
9
5
6
5
1
2
4
19
1
3
2
6
7
91
6
11
27
9
7
6
6
1
1
3
10
1
7
9
12
3
1
2
5
8
6
1
6
6
1
6
1
1
1
5
24
3
2
12
8
5
3
2
1
10
1
1
3
1
2
5
2
3
10
4
4
1
10
2
30
6
7
20
6
13
2
22
5
13
1
9
22
14
3
1
16
2
5
1
17
1
16
4
2
1
2
1
2
3
1
18
4
15
7
29
4
1
1
9
3
23
1
5
3
20
11
7
15
7
9
3
1
21
17
8
3
39
1
18
1
5
6
6
5
1
2
18
3
6
1
8
2
3
2
3
2
13
1
11
15
6
1
16
12
2
2
7
32
5
6
3
1
3
7
15
11
11
1
7
1
3
4
40
1
31
5
1
13
11
5
8
5
2
22
1
8
5
2
6
16
10
15
4
2
1
2
4
5
6
2
2
12
18
8
7
3
9
3
2
17
6
1
3
7
3
12
5
4
7
30
3
6
1
1
7
2
1
9
3
28
32
3
2
4
6
3
18
1
7
5
8
11
3
3
6
3
7
5
11
14
3
1
12
3
4
26
4
7
3
7
2
4
3
3
10
10
8
23
1
16
8
39
8
7
1
24
12
2
1
1
4
2
2
5
29
27
16
3
16
1
5
5
1
11
1
4
4
3
15
5
1
5
4
2
15
1
1
2
1
1
36
21
3
1
3
2
1
3
3
15
19
2
15
9
25
1
2
24
1
8
1
3
7
2
1
4
3
8
5
1
13
1
5
1
11
3
40
4
2
5
20
5
1
1
5
1
11
5
1
2
12
2
4
1
10
8
40
4
20
1
4
17
3
2
6
10
18
12
1
2
6
9
2
16
8
3
1
1
2
12
3
3
12
4
4
1
17
3
2
32
12
8
1
21
2
1
1
5
28
23
16
6
14
9
25
2
3
5
1
3
5
3
5
3
1
5
7
8
1
4
4
8
15
4
1
2
18
5
3
1
37
2
10
7
1
1
4
2
11
5
20
1
1
8
16
7
4
2
25
5
2
32
7
1
23
12
2
3
1
